70248
70248
70248
70248
70248
90466
63896
36669
63896
92447
36669
63896
36669
90466
92447
90466
90466
63896
90466
36669
63896
67824
67824
34360
67824
19286
67824
3803
45519
3803
3803
3803
3803
3803
45519
3803
45519
3803
69064
65048
69064
82833
69064
69064
73756
65048
15592
89220
89220
89220
25430
25430
25430
65732
20549
89220
70553
70553
68044
68044
68044
68044
68044
61719
68044
41969
41969
41969
95542
95542
41969
95542
41969
41969
41969
41969
41969
41969
26363
70455
70455
98665
30295
26363
47273
30295
47273
98665
70455
70455
47273
70455
98665
47273
70455
98665
70455
12039
12039
12039
12039
12039
12039
12039
14027
12039
12039
14027
14027
12039
35284
76238
76238
76238
35284
76238
76238
76238
35284
35284
71002
80160
71002
80160
71002
71002
80160
71002
80160
71002
97956
97956
71002
97956
80160
10904
71002
86807
52637
89208
86807
36188
89208
52637
86807
89208
36188
89208
52637
97444
86807
86807
57149
86807
52637
89208
97444
52637
89208
97444
86807
86807
97444
52637
97444
86807
52637
89208
52637
66577
86807
63992
63992
63992
58818
63992
63992
63992
63992
63992
63992
63992
63992
37488
37488
37488
37488
37488
37488
37488
11556
84090
99268
79675
80412
85215
81779
11556
81779
84090
74438
79675
80412
11556
81779
79675
88610
74438
11556
99268
85215
99268
74438
80412
81779
11556
81779
99268
79675
74438
11556
81779
85215
81779
79675
11556
11556
81779
99268
80412
81779
74438
99268
88610
80412
99268
80412
11556
81779
99268
74438
11556
80412
81779
33354
33354
94619
33354
26135
83869
83869
26135
83869
26135
23117
23117
97657
97657
97657
97657
97657
23117
97657
97657
97657
97657
